./task2.out
:20000
T1: 3.66968
T2: 1.99572 S2: 1.83877
T4: 0.958443 S4: 3.82879
T6: 0.702352 S6: 5.22485
T8: 0.617013 S8: 5.94749
T16: 0.361179 S16: 10.1603
T20: 0.295163 S20: 12.4327
T40: 0.224334 S40: 16.3581

:40000
T1: 15.1482
T2: 8.93283 S2: 1.69579
T4: 4.30977 S4: 3.51484
T6: 2.74694 S6: 5.51457
T8: 2.05038 S8: 7.38798
T16: 1.13106 S16: 13.3929
T20: 1.33595 S20: 11.3389
T40: 0.849698 S40: 17.8277
