./task2.out
:20000
T1: 3.78203
T2: 1.87218 S2: 2.02011
T4: 0.945682 S4: 3.99926
T6: 0.964782 S6: 3.92008
T8: 0.548139 S8: 6.89975
T16: 0.33309 S16: 11.3544
T20: 0.274335 S20: 13.7862
T40: 0.203346 S40: 18.599

:40000
T1: 14.7422
T2: 7.52967 S2: 1.95789
T4: 3.83869 S4: 3.84043
T6: 2.82148 S6: 5.225
T8: 1.98339 S8: 7.43287
T16: 1.48664 S16: 9.91651
T20: 0.922189 S20: 15.9861
T40: 0.876541 S40: 16.8187
