./task2.out
:20000
T1: 3.8827
T2: 1.87949 S2: 2.06583
T4: 0.950447 S4: 4.08513
T6: 0.683535 S6: 5.68032
T8: 0.523099 S8: 7.42249
T16: 0.394404 S16: 9.84447
T20: 0.276979 S20: 14.018
T40: 0.195097 S40: 19.9014

:40000
T1: 14.8826
T2: 7.53727 S2: 1.97454
T4: 3.87976 S4: 3.83596
T6: 2.53605 S6: 5.86842
T8: 2.02238 S8: 7.35897
T16: 1.15648 S16: 12.8688
T20: 0.88261 S20: 16.862
T40: 0.811029 S40: 18.3503
