./task2.out
:20000
T1: 3.71764
T2: 2.57171 S2: 1.44559
T4: 1.28388 S4: 2.89563
T6: 0.963574 S6: 3.85818
T8: 0.75701 S8: 4.91095
T16: 0.472406 S16: 7.86958
T20: 0.379763 S20: 9.78935
T40: 0.23584 S40: 15.7634

:40000
T1: 14.8039
T2: 10.1533 S2: 1.45805
T4: 5.13119 S4: 2.88508
T6: 3.47903 S6: 4.25518
T8: 2.56656 S8: 5.768
T16: 1.40775 S16: 10.516
T20: 1.13466 S20: 13.0471
T40: 0.945737 S40: 15.6533
