./task2.out
:20000
T1: 3.78429
T2: 1.88212 S2: 2.01066
T4: 0.951888 S4: 3.97556
T6: 0.801544 S6: 4.72125
T8: 0.571706 S8: 6.6193
T16: 0.451003 S16: 8.39084
T20: 0.365464 S20: 10.3548
T40: 0.204113 S40: 18.5402

:40000
T1: 14.7507
T2: 7.54215 S2: 1.95577
T4: 4.17992 S4: 3.52894
T6: 2.86896 S6: 5.14148
T8: 1.97639 S8: 7.46343
T16: 1.05235 S16: 14.0169
T20: 1.05876 S20: 13.932
T40: 0.817328 S40: 18.0474
